0 0.399289 0.186585 0.082938 0.207317
0 0.163507 0.336585 0.068720 0.200000
0 0.246445 0.336585 0.068720 0.170732
0 0.332346 0.352439 0.062796 0.168293
0 0.415877 0.332927 0.075829 0.163415
0 0.163507 0.551220 0.080569 0.190244
0 0.245853 0.551220 0.072275 0.204878
0 0.328199 0.565854 0.073460 0.185366
0 0.416469 0.558537 0.067536 0.165854
0 0.165284 0.774390 0.069905 0.173171
0 0.243483 0.780488 0.074645 0.160976
0 0.329976 0.773171 0.084123 0.200000
0 0.417062 0.770732 0.066351 0.146341
1 0.505924 0.343902 0.071090 0.180488
1 0.588863 0.346341 0.068720 0.180488
1 0.585900 0.554878 0.088863 0.178049
1 0.504147 0.573171 0.065166 0.141463
1 0.504147 0.771951 0.067536 0.153659
2 0.773104 0.779268 0.072275 0.275610
2 0.844194 0.739024 0.067536 0.282927
2 0.875592 0.520732 0.075829 0.256098
