3 0.395735 0.220732 0.090047 0.182927
3 0.154028 0.274390 0.078199 0.139024
0 0.237559 0.336585 0.069905 0.185366
0 0.334123 0.337805 0.078199 0.182927
0 0.161730 0.369512 0.072275 0.109756
0 0.418246 0.342683 0.073460 0.134146
0 0.159953 0.554878 0.063981 0.173171
0 0.239929 0.548780 0.077014 0.175610
0 0.330569 0.569512 0.054502 0.148780
0 0.415284 0.551220 0.062796 0.160976
0 0.415877 0.767073 0.066351 0.143902
0 0.324645 0.775610 0.071090 0.185366
0 0.242891 0.775610 0.052133 0.165854
0 0.155213 0.785366 0.097156 0.151220
1 0.502370 0.329268 0.066351 0.156098
1 0.582346 0.351220 0.069905 0.146341
1 0.593009 0.557317 0.053318 0.163415
1 0.507701 0.563415 0.053318 0.121951
1 0.503555 0.769512 0.071090 0.163415
2 0.709716 0.829268 0.151659 0.117073
2 0.842417 0.736585 0.080569 0.273171
2 0.837678 0.509756 0.078199 0.263415
