2 0.736374 0.735366 0.095972 0.241463
1 0.666469 0.769512 0.050948 0.163415
1 0.587085 0.567073 0.053318 0.153659
1 0.500592 0.547561 0.050948 0.148780
1 0.501777 0.347561 0.062796 0.129268
1 0.594787 0.335366 0.056872 0.168293
1 0.502370 0.762195 0.049763 0.197561
0 0.416469 0.778049 0.077014 0.170732
0 0.420024 0.553659 0.069905 0.160976
0 0.414692 0.340244 0.063981 0.148780
0 0.333531 0.336585 0.069905 0.156098
0 0.253555 0.340244 0.080569 0.134146
0 0.161730 0.339024 0.043839 0.141463
0 0.165877 0.556098 0.075829 0.190244
0 0.251777 0.559756 0.079384 0.168293
0 0.338270 0.563415 0.067536 0.170732
0 0.331754 0.765854 0.066351 0.146341
0 0.250000 0.791463 0.080569 0.173171
0 0.156398 0.780488 0.073460 0.170732
