3 0.191351 0.169512 0.074645 0.168293
0 0.164100 0.326829 0.062796 0.175610
0 0.240521 0.342683 0.061611 0.173171
0 0.327014 0.340244 0.061611 0.178049
0 0.410545 0.337805 0.074645 0.168293
0 0.327014 0.545122 0.059242 0.158537
0 0.239929 0.570732 0.069905 0.151220
0 0.159360 0.569512 0.074645 0.148780
0 0.155806 0.769512 0.069905 0.163415
0 0.246445 0.770732 0.059242 0.141463
0 0.325237 0.775610 0.069905 0.146341
0 0.411730 0.776829 0.074645 0.129268
0 0.411730 0.551220 0.043839 0.156098
1 0.502962 0.336585 0.055687 0.160976
1 0.583531 0.343902 0.065166 0.165854
1 0.501185 0.780488 0.068720 0.146341
1 0.588863 0.778049 0.073460 0.156098
1 0.665877 0.778049 0.071090 0.131707
