0 0.158175 0.335366 0.065166 0.197561
0 0.158175 0.554878 0.072275 0.192683
0 0.155213 0.765854 0.063981 0.204878
0 0.248223 0.787805 0.077014 0.151220
0 0.251777 0.560976 0.062796 0.146341
0 0.249408 0.324390 0.065166 0.185366
0 0.332346 0.329268 0.067536 0.190244
0 0.408768 0.339024 0.061611 0.170732
0 0.324052 0.553659 0.072275 0.195122
0 0.408175 0.556098 0.081754 0.204878
0 0.331754 0.770732 0.080569 0.175610
0 0.415877 0.768293 0.066351 0.175610
1 0.503555 0.343902 0.054502 0.146341
1 0.585308 0.340244 0.075829 0.148780
1 0.502370 0.562195 0.066351 0.163415
1 0.585900 0.560976 0.069905 0.185366
1 0.499408 0.790244 0.074645 0.136585
1 0.584123 0.770732 0.075829 0.160976
1 0.670024 0.769512 0.072275 0.217073
