0 0.158768 0.336585 0.066351 0.195122
0 0.240521 0.334146 0.066351 0.170732
0 0.327607 0.335366 0.074645 0.187805
0 0.418246 0.341463 0.071090 0.175610
0 0.155806 0.546341 0.065166 0.175610
0 0.239929 0.551220 0.077014 0.170732
0 0.325237 0.548780 0.074645 0.185366
0 0.416469 0.559756 0.072275 0.168293
0 0.412322 0.774390 0.066351 0.158537
0 0.331161 0.784146 0.103081 0.202439
0 0.242891 0.780488 0.066351 0.185366
0 0.157583 0.775610 0.097156 0.185366
1 0.500592 0.780488 0.062796 0.175610
1 0.500592 0.568293 0.060427 0.190244
1 0.500592 0.336585 0.053318 0.165854
1 0.588863 0.335366 0.061611 0.158537
1 0.671209 0.337805 0.065166 0.158537
1 0.585900 0.560976 0.074645 0.170732
1 0.590047 0.778049 0.075829 0.165854
1 0.676540 0.769512 0.080569 0.187805
2 0.885664 0.730488 0.069905 0.295122
