3 0.138033 0.056098 0.074645 0.102439
3 0.149882 0.813415 0.086493 0.139024
0 0.158768 0.341463 0.063981 0.200000
0 0.162322 0.563415 0.049763 0.160976
0 0.249408 0.568293 0.036730 0.136585
0 0.246445 0.336585 0.071090 0.160976
0 0.159953 0.723171 0.056872 0.075610
0 0.245261 0.773171 0.071090 0.165854
0 0.334123 0.778049 0.066351 0.170732
0 0.327014 0.556098 0.054502 0.131707
0 0.328199 0.343902 0.054502 0.146341
0 0.415877 0.329268 0.075829 0.180488
0 0.411730 0.552439 0.041469 0.153659
0 0.418246 0.767073 0.059242 0.163415
1 0.508294 0.768293 0.052133 0.190244
1 0.581161 0.771951 0.055687 0.178049
1 0.672986 0.780488 0.066351 0.151220
1 0.502370 0.558537 0.047393 0.160976
1 0.585900 0.552439 0.062796 0.143902
1 0.674171 0.557317 0.085308 0.153659
1 0.500592 0.343902 0.072275 0.126829
1 0.584716 0.348780 0.072275 0.156098
1 0.668839 0.345122 0.055687 0.158537
2 0.838863 0.235366 0.049763 0.275610
2 0.881517 0.309756 0.068720 0.239024
2 0.870853 0.532927 0.080569 0.295122
