2 0.817536 0.519512 0.082938 0.307317
2 0.832938 0.279268 0.073460 0.285366
1 0.666469 0.330488 0.060427 0.173171
1 0.678910 0.552439 0.068720 0.158537
1 0.669431 0.765854 0.071090 0.165854
1 0.585900 0.769512 0.072275 0.192683
1 0.586493 0.557317 0.047393 0.158537
1 0.588270 0.332927 0.055687 0.158537
1 0.504147 0.340244 0.062796 0.139024
1 0.510071 0.557317 0.062796 0.173171
1 0.504739 0.778049 0.063981 0.165854
0 0.417654 0.768293 0.062796 0.146341
0 0.412915 0.558537 0.065166 0.141463
0 0.412322 0.331707 0.056872 0.146341
0 0.334123 0.345122 0.066351 0.129268
0 0.327014 0.562195 0.061611 0.134146
0 0.328199 0.774390 0.061611 0.173171
0 0.245853 0.779268 0.065166 0.173171
0 0.242891 0.545122 0.087678 0.197561
0 0.246445 0.330488 0.052133 0.148780
0 0.162322 0.339024 0.049763 0.160976
0 0.160545 0.553659 0.069905 0.160976
0 0.157583 0.771951 0.052133 0.173171
