0 0.154621 0.348780 0.077014 0.180488
0 0.239929 0.335366 0.065166 0.178049
0 0.317536 0.319512 0.061611 0.195122
0 0.411730 0.334146 0.067536 0.146341
0 0.155806 0.558537 0.081754 0.151220
0 0.248223 0.559756 0.062796 0.173171
0 0.327607 0.545122 0.077014 0.187805
0 0.409360 0.553659 0.072275 0.160976
0 0.414692 0.776829 0.054502 0.148780
0 0.326422 0.775610 0.079384 0.175610
0 0.243483 0.773171 0.065166 0.156098
0 0.162915 0.776829 0.074645 0.178049
1 0.501185 0.771951 0.066351 0.153659
1 0.506517 0.546341 0.067536 0.165854
1 0.594787 0.556098 0.059242 0.156098
1 0.668839 0.550000 0.072275 0.163415
1 0.671801 0.341463 0.052133 0.185366
1 0.587085 0.325610 0.053318 0.187805
1 0.584123 0.773171 0.066351 0.190244
1 0.670616 0.775610 0.071090 0.175610
4 0.505332 0.290244 0.079384 0.195122
