0 0.156398 0.331707 0.080569 0.204878
0 0.241114 0.337805 0.074645 0.197561
0 0.324645 0.337805 0.082938 0.192683
0 0.416469 0.337805 0.069905 0.192683
0 0.152844 0.550000 0.066351 0.168293
0 0.240521 0.557317 0.082938 0.168293
0 0.327607 0.553659 0.074645 0.195122
0 0.414100 0.564634 0.081754 0.187805
0 0.409953 0.776829 0.101896 0.192683
0 0.329976 0.770732 0.072275 0.170732
0 0.239929 0.781707 0.069905 0.158537
0 0.157583 0.789024 0.068720 0.182927
1 0.508886 0.780488 0.077014 0.156098
1 0.501777 0.560976 0.088863 0.214634
1 0.496445 0.352439 0.071090 0.192683
1 0.579384 0.332927 0.090047 0.197561
1 0.595972 0.565854 0.073460 0.190244
2 0.813389 0.714634 0.072275 0.248780
2 0.901659 0.728049 0.037915 0.280488
2 0.914692 0.492683 0.026066 0.239024
